=== EVALUATION RESULTS ===
RMSE_x:          0.033343 m
RMSE_y:          0.019557 m
RMSE_z:          0.004797 m
RMSE_total:      0.038952 m
Max_abs_err_x:   0.060105 m
Max_abs_err_y:   0.037098 m
Max_abs_err_z:   0.007045 m
Max_abs_err_3D:  0.070179 m
Samples:         854
Duration:        17.06 s
