=== EVALUATION RESULTS ===
RMSE_x:          0.065242 m
RMSE_y:          0.034566 m
RMSE_z:          0.033554 m
RMSE_total:      0.081100 m
Max_abs_err_x:   0.110785 m
Max_abs_err_y:   0.067677 m
Max_abs_err_z:   0.053520 m
Max_abs_err_3D:  0.129126 m
Samples:         811
Duration:        16.20 s
