=== EVALUATION RESULTS ===
RMSE_x:          0.028758 m
RMSE_y:          0.020321 m
RMSE_z:          0.000284 m
RMSE_total:      0.035214 m
Max_abs_err_x:   0.043086 m
Max_abs_err_y:   0.030500 m
Max_abs_err_z:   0.001156 m
Max_abs_err_3D:  0.052669 m
Samples:         1769
Duration:        35.36 s

self.declare_parameter("kp", [12.0, 12.0, 3.0])
self.declare_parameter("kd", [0.4, 0.4, 0.6])
self.declare_parameter("ki", [0.0, 0.0, 0.0])