=== EVALUATION RESULTS ===
RMSE_x:          0.029441 m
RMSE_y:          0.020410 m
RMSE_z:          0.000966 m
RMSE_total:      0.035837 m
Max_abs_err_x:   0.045247 m
Max_abs_err_y:   0.031409 m
Max_abs_err_z:   0.001835 m
Max_abs_err_3D:  0.054854 m
Samples:         1774
Duration:        35.46 s

self.declare_parameter("kp", [12.0, 12.0, 3.0])
self.declare_parameter("kd", [1.0, 1.2, 1.3])
self.declare_parameter("ki", [0.0, 0.0, 0.0])