=== EVALUATION RESULTS ===
RMSE_x:          0.029598 m
RMSE_y:          0.019945 m
RMSE_z:          0.000239 m
RMSE_total:      0.035692 m
Max_abs_err_x:   0.044225 m
Max_abs_err_y:   0.030622 m
Max_abs_err_z:   0.000527 m
Max_abs_err_3D:  0.053547 m
Samples:         1449
Duration:        29.26 s
